2 0.568294 0.620336 0.017907 0.006063
2 1.097612 0.614739 0.021770 0.005131
2 0.532830 0.613689 0.024228 0.011427
2 0.929249 0.597948 0.020014 0.014459
2 0.950492 0.591185 0.011938 0.008862
2 0.608322 0.585121 0.029846 0.010261
2 0.516152 0.581273 0.022472 0.011894
2 0.967346 0.573694 0.010534 0.006996
2 1.050737 0.581390 0.060744 0.037313
2 1.127633 0.567164 0.010885 0.009795
2 1.100948 0.559002 0.020716 0.011660
2 0.851475 0.531600 0.053371 0.016558
2 0.765625 0.481227 0.012289 0.005830
2 0.201194 0.448111 0.014747 0.017024
2 0.337781 0.424440 0.023174 0.021922
2 0.818645 0.379548 0.027739 0.019356
2 0.412746 0.292444 0.029846 0.023787
2 1.076896 0.272505 0.028792 0.020289
2 0.955056 0.270406 0.059691 0.022155
2 0.908708 0.262360 0.016854 0.009328
2 0.949614 0.250350 0.032654 0.014692
2 0.996138 0.247668 0.014747 0.014925
2 0.843574 0.213619 0.012289 0.013526
2 0.346559 0.215718 0.025281 0.017724
2 0.965414 0.195779 0.029143 0.016091
2 1.133603 0.194729 0.016503 0.014925
2 1.154670 0.185868 0.012992 0.008396
2 1.186447 0.171409 0.015449 0.012593
2 0.971208 0.114272 0.023876 0.010728
2 0.762114 0.116371 0.064256 0.026119
2 0.877458 0.078941 0.028090 0.012826
2 0.758076 0.022854 0.018258 0.015392
