2 0.403090 0.645756 0.007725 0.003731
2 0.951369 0.638643 0.043188 0.016091
2 0.810744 0.625583 0.011938 0.005364
2 0.713659 0.598414 0.018610 0.007929
2 0.876756 0.596199 0.021770 0.015159
2 0.783181 0.589436 0.011587 0.009562
2 0.450667 0.464669 0.012992 0.006297
2 0.382900 0.464319 0.008076 0.012593
2 0.639572 0.389925 0.022823 0.020522
2 0.388343 0.373717 0.020365 0.009095
2 0.873069 0.373484 0.024228 0.012360
2 0.772472 0.312966 0.014747 0.010728
2 0.544944 0.256063 0.021067 0.013060
2 0.861131 0.249534 0.027037 0.013993
2 0.247893 0.250233 0.021067 0.015858
2 0.659761 0.246385 0.059691 0.017957
2 0.280197 0.228778 0.026685 0.025187
2 0.306004 0.216535 0.014396 0.012360
2 0.335323 0.209072 0.021770 0.021688
2 0.429073 0.187617 0.027388 0.023554
2 0.408532 0.169076 0.027037 0.020989
2 0.177317 0.159515 0.030899 0.039179
2 0.315485 0.106460 0.022823 0.009562
2 0.274930 0.079757 0.015449 0.012127
2 0.385183 0.063666 0.072331 0.034049
