1 0.691889 0.630830 0.008778 0.006996
1 0.267732 0.564949 0.009480 0.006297
1 0.875351 0.558069 0.008427 0.007463
1 0.242802 0.546875 0.037570 0.029851
1 0.825492 0.529035 0.014747 0.008629
1 0.854635 0.523204 0.033708 0.015159
1 0.831461 0.469450 0.019663 0.018657
1 0.254389 0.433186 0.016503 0.010961
1 0.222612 0.377449 0.018961 0.014692
1 0.770365 0.359608 0.009129 0.005131
1 0.784586 0.244869 0.008778 0.005131
1 0.993504 0.178172 0.025632 0.019590
1 0.842697 0.137710 0.014747 0.008162
1 0.597788 0.098881 0.024930 0.010728
1 0.308462 0.087570 0.013694 0.010494
1 0.847086 0.010961 0.015098 0.011660
