1 0.281952 0.563433 0.016152 0.006063
1 0.719628 0.557836 0.026334 0.006063
1 0.766152 0.551772 0.012640 0.010261
1 0.786692 0.512826 0.015801 0.013060
1 0.417837 0.502682 0.026685 0.017957
1 0.885358 0.499650 0.039677 0.012826
1 0.661868 0.480061 0.009129 0.004897
1 0.932058 0.486590 0.025632 0.024487
1 0.586025 0.476796 0.028792 0.018424
1 0.220857 0.472598 0.019663 0.016558
1 0.955583 0.437267 0.008076 0.005131
1 0.872718 0.434701 0.011587 0.006063
1 0.945576 0.424907 0.008427 0.006530
1 0.955407 0.416861 0.016854 0.010028
1 0.941713 0.407066 0.020365 0.015625
1 0.979986 0.394123 0.023876 0.013526
1 0.949789 0.382696 0.019663 0.019590
1 0.925211 0.373834 0.006320 0.009795
1 0.817942 0.371968 0.007374 0.008862
1 0.847086 0.368937 0.014396 0.013060
1 0.924157 0.364272 0.015449 0.006063
1 1.011587 0.362407 0.009129 0.007463
1 0.952247 0.359258 0.008427 0.003032
1 0.850597 0.354361 0.009480 0.008629
1 0.899754 0.358326 0.033357 0.045009
1 0.852528 0.332789 0.021770 0.011194
1 0.707514 0.329757 0.018258 0.012127
1 0.652914 0.308186 0.032654 0.019823
1 0.842521 0.303988 0.010183 0.011894
1 0.854810 0.290812 0.008076 0.008396
1 0.969803 0.292677 0.021067 0.015392
1 0.681531 0.278801 0.026685 0.020756
1 0.809691 0.269706 0.016854 0.009562
1 1.163975 0.264925 0.033006 0.024254
1 0.908357 0.252099 0.017556 0.011194
1 1.035990 0.246852 0.034761 0.023554
1 1.002282 0.229827 0.005969 0.003032
1 0.853230 0.219450 0.011236 0.008396
1 0.882900 0.216068 0.008076 0.008629
1 0.860428 0.208489 0.029846 0.020056
1 1.010885 0.167910 0.033708 0.026119
1 1.040555 0.148088 0.013694 0.010728
1 1.094979 0.149720 0.018610 0.018190
1 0.745787 0.127449 0.021067 0.009562
1 0.690133 0.113106 0.012289 0.006530
1 0.373069 0.097248 0.015801 0.011660
1 0.252809 0.098064 0.018258 0.028685
1 0.476124 0.055854 0.015449 0.010028
1 0.381496 0.005364 0.015801 0.009328
