2 0.483848 0.523321 0.043539 0.025653
2 0.406426 0.462220 0.033357 0.026586
2 0.367275 0.443797 0.021770 0.016325
2 0.313378 0.436567 0.010885 0.011194
2 0.344101 0.417327 0.014045 0.006763
2 0.190836 0.395173 0.017205 0.003498
2 0.956987 0.272971 0.017205 0.007696
2 0.298104 0.272505 0.019663 0.010028
2 0.693820 0.217934 0.011938 0.004431
2 0.700492 0.210588 0.018961 0.007929
2 0.921875 0.193330 0.017205 0.009795
2 0.767732 0.170476 0.019312 0.003731
2 0.757900 0.165462 0.011587 0.002565
2 0.902914 0.055504 0.017205 0.014459
2 0.504916 0.036147 0.024579 0.019123
