2 0.540906 0.608326 0.031250 0.010494
2 0.501931 0.579174 0.021419 0.006297
2 0.459972 0.582906 0.107444 0.028685
2 0.758954 0.559352 0.014396 0.004897
2 0.417662 0.550373 0.018610 0.008862
2 0.793188 0.540928 0.030899 0.012826
2 1.096735 0.544893 0.031952 0.021222
2 0.261763 0.541161 0.016503 0.019823
2 0.333041 0.536847 0.020014 0.012593
2 0.405021 0.532299 0.023525 0.011894
2 0.577423 0.530550 0.009480 0.010261
2 0.607619 0.508162 0.019312 0.012593
2 1.142381 0.499883 0.011587 0.022155
2 0.536166 0.497318 0.041433 0.030550
2 0.452949 0.488689 0.021067 0.017024
2 0.292310 0.486590 0.060042 0.063666
2 0.821278 0.466068 0.042135 0.023554
2 0.455583 0.456507 0.009480 0.007229
2 0.383603 0.442864 0.038975 0.017724
2 0.359375 0.424440 0.035463 0.019590
2 0.616222 0.371735 0.027388 0.008862
2 0.727353 0.277985 0.047402 0.020989
2 0.555653 0.268074 0.015098 0.011427
2 0.750527 0.264459 0.013694 0.011194
2 0.639747 0.258046 0.016152 0.013293
2 0.597437 0.264925 0.054424 0.034049
2 0.680302 0.250350 0.014396 0.010028
2 0.786868 0.246502 0.037921 0.015392
2 0.689431 0.239622 0.011587 0.004897
2 0.716468 0.249067 0.047402 0.026586
2 0.463308 0.239739 0.012992 0.009328
2 0.535112 0.238223 0.049157 0.028685
2 0.622015 0.226796 0.013694 0.010494
2 0.687676 0.222715 0.030548 0.004664
2 0.726650 0.225396 0.010183 0.015625
2 0.494909 0.209188 0.008076 0.007463
2 0.720154 0.208139 0.037219 0.010961
2 0.603055 0.191115 0.019312 0.010961
2 0.482971 0.191814 0.029143 0.015159
2 0.663097 0.178172 0.066362 0.043843
2 0.762114 0.151119 0.024228 0.013526
2 0.821454 0.147271 0.020716 0.013759
2 0.638869 0.134678 0.034761 0.017491
2 0.613237 0.056320 0.020014 0.009562
