2 1.018083 0.628148 0.031952 0.017957
2 0.310393 0.621618 0.053371 0.025420
2 0.397472 0.573228 0.022472 0.013526
2 0.373420 0.575793 0.020014 0.021922
2 0.368153 0.550140 0.020716 0.018190
2 0.566011 0.533349 0.020365 0.011660
2 0.414501 0.504431 0.015098 0.010728
2 0.261938 0.339785 0.004916 0.007929
2 0.248771 0.328242 0.008778 0.007696
2 0.632900 0.305154 0.012992 0.005364
2 1.270892 0.307253 0.027037 0.016091
2 0.566538 0.298507 0.022121 0.012593
2 1.250176 0.297341 0.067065 0.038713
2 1.257725 0.264576 0.012640 0.007696
2 0.623947 0.070079 0.007725 0.006297
2 0.705583 0.067864 0.035463 0.013526
