2 0.833567 0.515975 0.004916 0.006297
2 0.679600 0.511311 0.008076 0.003965
2 0.703476 0.445546 0.022823 0.007229
2 0.990695 0.435634 0.010183 0.004198
2 0.766678 0.432253 0.007374 0.002565
2 1.138167 0.426073 0.008076 0.003731
2 0.859902 0.413596 0.007022 0.007229
2 1.158532 0.408116 0.009480 0.008396
2 1.133778 0.390625 0.009831 0.006530
2 0.951721 0.374184 0.017907 0.014692
2 1.084094 0.368004 0.010183 0.007463
2 1.132725 0.339319 0.006320 0.005597
2 1.003862 0.338153 0.008427 0.006530
2 1.025456 0.335588 0.012289 0.010728
2 0.984024 0.335938 0.010885 0.011427
2 0.734375 0.307020 0.019312 0.015625
2 1.076194 0.272621 0.012640 0.004664
2 1.226299 0.262710 0.009480 0.008162
2 0.814782 0.172924 0.008076 0.012360
2 0.726475 0.149604 0.007725 0.004897
2 0.882549 0.152868 0.022823 0.018424
2 0.822156 0.087337 0.012992 0.004897
