1 1.006320 0.577309 0.021067 0.016091
1 1.102704 0.528568 0.017907 0.016558
1 0.397647 0.491721 0.017205 0.007229
1 0.724895 0.473647 0.025632 0.009795
1 1.104284 0.437267 0.008427 0.005131
1 1.094628 0.433769 0.013694 0.004664
1 1.111131 0.431087 0.007374 0.005830
1 0.956636 0.424090 0.013694 0.009562
1 0.944698 0.416395 0.008778 0.009095
1 0.935218 0.416395 0.007374 0.010961
1 0.928195 0.410681 0.012289 0.012593
1 0.795295 0.397738 0.031601 0.019823
1 1.263694 0.389459 0.028792 0.019123
1 1.108673 0.384445 0.027037 0.018424
1 0.880091 0.376749 0.020014 0.013293
1 1.010358 0.335238 0.006671 0.008629
1 0.979459 0.335354 0.022121 0.016791
1 0.919417 0.314016 0.014396 0.009562
1 1.103757 0.316231 0.053020 0.018657
1 1.135534 0.305387 0.026685 0.018890
1 1.061798 0.292094 0.010534 0.008162
1 1.024052 0.293727 0.039677 0.027285
1 1.048279 0.280784 0.020716 0.013060
1 0.997718 0.275653 0.016503 0.013526
1 1.240344 0.279384 0.035463 0.024720
1 1.070751 0.266791 0.011587 0.006530
1 0.797226 0.255947 0.042486 0.016091
1 0.957338 0.251399 0.013694 0.007929
1 0.985253 0.247668 0.042837 0.027052
1 1.044242 0.204874 0.014747 0.009095
1 1.023876 0.192864 0.039326 0.045243
1 0.968926 0.161730 0.015801 0.007229
1 0.929951 0.141441 0.026334 0.009562
1 0.922753 0.122785 0.014747 0.005830
1 0.350597 0.118120 0.010183 0.006763
1 0.278265 0.070196 0.031952 0.007929
1 0.329354 0.067631 0.011236 0.005597
1 0.447331 0.061800 0.015449 0.009795
1 0.419768 0.057369 0.036868 0.009795
1 0.350421 0.042677 0.017556 0.006063
1 0.399579 0.043843 0.024579 0.014459
1 0.426088 0.032416 0.022121 0.008862
1 0.356566 0.027169 0.021419 0.009562
1 0.372542 0.033582 0.028792 0.024254
1 0.360253 0.017141 0.012640 0.005830
1 0.373596 0.014459 0.007022 0.002799
