3 0.373069 0.470965 0.007374 0.003965
3 0.535112 0.359492 0.009129 0.003965
3 0.514923 0.351096 0.010885 0.003965
3 0.520365 0.344333 0.004916 0.002099
3 0.396594 0.329991 0.006671 0.004198
3 0.489466 0.325326 0.004916 0.002799
3 0.499473 0.325326 0.005969 0.005131
3 0.523876 0.324627 0.009129 0.004198
3 0.479635 0.321828 0.004916 0.003265
3 0.424333 0.321595 0.002458 0.002799
3 0.496313 0.321129 0.002458 0.002332
3 0.486833 0.320662 0.004565 0.002799
3 0.650456 0.316231 0.004565 0.002332
3 0.456987 0.306437 0.007374 0.005131
3 0.660463 0.305504 0.011236 0.005131
3 0.681882 0.297691 0.024579 0.013293
3 0.376229 0.291861 0.006671 0.003032
3 0.390449 0.285098 0.006320 0.003498
3 0.400281 0.280900 0.015449 0.006763
3 0.401685 0.273321 0.018961 0.009328
3 0.369558 0.271455 0.007374 0.006996
3 0.420119 0.265975 0.002458 0.002099
3 0.409059 0.247435 0.010534 0.007463
