2 1.073560 0.437500 0.009480 0.004664
2 0.962956 0.303288 0.006671 0.004431
2 0.870611 0.299790 0.007374 0.006763
2 1.082690 0.295592 0.007374 0.004431
2 0.982619 0.285215 0.010885 0.010261
2 0.959796 0.275187 0.004565 0.003265
2 0.928371 0.215135 0.002809 0.001632
2 0.933462 0.213503 0.003160 0.002099
2 0.984375 0.189599 0.008076 0.006063
2 0.636412 0.161381 0.008778 0.004198
2 1.040379 0.139809 0.006320 0.005364
2 0.937676 0.129198 0.005969 0.003731
2 0.987535 0.132929 0.019312 0.015858
2 0.997893 0.121852 0.008427 0.006297
2 0.942416 0.121968 0.009831 0.006530
2 0.963834 0.117421 0.013343 0.006763
2 0.952423 0.115089 0.003862 0.004431
2 0.937676 0.115555 0.019312 0.010028
