2 0.349017 0.567864 0.004916 0.006063
2 0.620962 0.557952 0.007374 0.010494
2 0.703827 0.554338 0.011587 0.007929
2 0.698560 0.539995 0.022121 0.008162
2 0.575843 0.537197 0.006320 0.004431
2 0.513167 0.534865 0.010885 0.006297
2 0.626931 0.534865 0.010885 0.011427
2 0.539150 0.527519 0.012992 0.005597
2 0.498596 0.526936 0.009831 0.004431
2 0.571103 0.532299 0.055829 0.020756
2 0.662570 0.521105 0.007725 0.005364
2 0.693294 0.519473 0.015098 0.010494
2 1.044242 0.517141 0.014747 0.007229
2 0.412746 0.514459 0.006671 0.005131
2 0.508778 0.512127 0.013343 0.011194
2 0.462781 0.510028 0.006320 0.008862
2 0.658883 0.508279 0.011587 0.006763
2 0.475597 0.505131 0.006671 0.006530
2 0.672928 0.507579 0.015098 0.011894
2 0.626404 0.497785 0.013343 0.007229
2 0.498947 0.491604 0.007022 0.004198
2 0.632198 0.487873 0.008076 0.006063
2 0.656426 0.492771 0.030548 0.019590
2 0.541433 0.478428 0.013343 0.008162
2 0.559340 0.477146 0.021770 0.010728
2 0.520365 0.475396 0.018961 0.017957
2 0.533883 0.468167 0.010885 0.007229
2 0.502985 0.469799 0.012992 0.010961
2 0.584445 0.456040 0.027037 0.010028
2 0.530723 0.450910 0.005969 0.004897
2 0.643961 0.460238 0.019663 0.026819
2 0.665204 0.449977 0.010183 0.008629
2 0.541959 0.448694 0.007374 0.006063
2 0.501404 0.443214 0.008427 0.005364
2 0.534410 0.438783 0.008427 0.006763
2 0.323912 0.447411 0.027037 0.027285
2 0.519136 0.435984 0.008778 0.004897
2 0.548806 0.438549 0.009831 0.011894
2 0.382900 0.431786 0.007374 0.005364
2 0.325667 0.428521 0.018610 0.016091
2 0.351299 0.435285 0.031250 0.030550
2 0.419417 0.420476 0.022121 0.016325
2 0.441713 0.411497 0.008427 0.006297
2 0.366222 0.414179 0.018258 0.012127
2 0.548104 0.413596 0.023876 0.016558
2 0.478581 0.394123 0.011938 0.006063
2 0.843399 0.387826 0.007022 0.005131
2 0.445751 0.392840 0.016503 0.019823
2 0.501053 0.382113 0.011938 0.007229
2 0.475772 0.380830 0.015449 0.010261
2 0.406074 0.375933 0.013694 0.009328
2 0.514221 0.371968 0.008076 0.004664
2 0.445927 0.371385 0.015449 0.015625
2 0.395014 0.366021 0.006320 0.005830
2 0.428195 0.369170 0.016503 0.013526
2 0.684691 0.364389 0.010534 0.007696
2 0.479810 0.363106 0.010183 0.008396
2 0.314607 0.386544 0.074438 0.066465
2 0.655899 0.354244 0.015449 0.006063
2 0.373947 0.354361 0.011938 0.007229
2 0.527212 0.346782 0.008778 0.005597
2 0.515976 0.344100 0.008076 0.004897
2 0.566713 0.371735 0.072331 0.063433
2 0.635007 0.340368 0.008778 0.006297
2 0.378687 0.340252 0.010885 0.006063
2 0.426615 0.348997 0.054775 0.024487
2 0.560393 0.336521 0.003511 0.001866
2 0.272647 0.344100 0.019312 0.018424
2 0.332163 0.338386 0.009129 0.007463
2 0.293715 0.345499 0.026334 0.023554
2 0.564607 0.333489 0.007022 0.001866
2 0.708919 0.334422 0.007022 0.006530
2 0.212956 0.334422 0.010885 0.007929
2 0.534235 0.335238 0.022823 0.011427
2 0.226826 0.331157 0.005618 0.003265
2 0.554073 0.330340 0.004916 0.003032
2 0.692591 0.328242 0.019312 0.008162
2 0.662395 0.326959 0.008778 0.007929
2 0.560042 0.322062 0.005618 0.003265
2 0.606039 0.328941 0.028792 0.022621
2 0.882022 0.319729 0.007725 0.005597
2 0.828125 0.318913 0.005969 0.003965
2 0.734551 0.321712 0.010534 0.009562
2 0.646243 0.318913 0.010183 0.006763
2 0.711552 0.319496 0.012992 0.008862
2 0.505618 0.315998 0.007022 0.005131
2 0.684515 0.318680 0.034059 0.011894
2 0.578125 0.313200 0.007374 0.005131
2 0.916257 0.312383 0.007374 0.006297
2 0.905899 0.310984 0.009129 0.007229
2 0.364291 0.308069 0.010885 0.007463
2 0.596910 0.304571 0.005618 0.003265
2 0.339010 0.302938 0.006671 0.003265
2 0.891503 0.298857 0.007725 0.003498
2 0.338834 0.297808 0.004213 0.001866
2 0.507900 0.299557 0.008778 0.009095
2 0.411692 0.302822 0.019312 0.017024
2 0.593048 0.296059 0.009831 0.009562
2 0.590063 0.289529 0.005969 0.003965
2 0.594101 0.282766 0.003511 0.002099
2 0.250527 0.299440 0.027739 0.036381
2 0.619382 0.298158 0.036517 0.036147
2 0.519838 0.281367 0.006671 0.003965
2 0.490695 0.279384 0.005969 0.005131
2 0.507374 0.278801 0.006320 0.004897
2 0.670119 0.290229 0.029143 0.030084
2 0.685569 0.271105 0.009480 0.006763
2 0.602353 0.266325 0.015098 0.011194
2 0.582865 0.259678 0.007725 0.003498
2 0.548455 0.281250 0.061096 0.049440
2 0.737535 0.262243 0.033357 0.013759
2 0.291959 0.258046 0.009480 0.005830
2 0.711552 0.256530 0.017205 0.009795
2 0.448736 0.244286 0.016854 0.011427
2 0.397472 0.241488 0.012640 0.008162
2 0.374473 0.237990 0.015098 0.008162
2 0.893785 0.238340 0.008778 0.009328
2 0.716994 0.235658 0.011236 0.008162
2 0.814607 0.229128 0.016152 0.008629
2 0.367802 0.226562 0.012992 0.009095
2 0.579705 0.210938 0.024579 0.012826
2 0.742451 0.205107 0.007374 0.003032
2 0.463132 0.204757 0.009129 0.004198
2 0.545295 0.201959 0.010534 0.006996
2 0.599192 0.200560 0.009480 0.006063
2 0.484902 0.194496 0.008427 0.004664
2 0.586552 0.194729 0.008076 0.005597
2 0.745084 0.194263 0.013343 0.007929
2 0.518258 0.199510 0.023174 0.018424
2 0.646419 0.190532 0.011236 0.009795
2 0.629389 0.187733 0.010183 0.005131
2 0.527563 0.181786 0.012289 0.008162
2 0.603055 0.181553 0.017205 0.011894
2 0.658708 0.178172 0.012640 0.005597
2 0.642381 0.177705 0.011587 0.007463
2 0.509656 0.176189 0.013694 0.009562
2 0.593926 0.169426 0.015098 0.009562
2 0.528617 0.168027 0.011587 0.010028
2 0.511763 0.161730 0.014396 0.008629
2 0.333392 0.156833 0.008076 0.006763
2 0.490344 0.154035 0.022121 0.010028
2 0.565309 0.147271 0.008427 0.005830
2 0.421875 0.135028 0.008778 0.004198
