2 0.932760 0.459771 0.006671 0.004431
2 0.832865 0.413829 0.003511 0.002099
2 0.845154 0.410215 0.007022 0.004198
2 0.831285 0.408815 0.003160 0.001866
2 0.830758 0.399254 0.003511 0.002332
2 0.908006 0.395056 0.004213 0.003265
2 0.918188 0.376982 0.006320 0.003965
2 0.931355 0.371269 0.003862 0.002799
2 0.873420 0.362757 0.002458 0.001632
2 0.613588 0.357743 0.002458 0.002332
2 0.616046 0.355410 0.003862 0.002332
2 0.606742 0.355294 0.002107 0.002099
2 0.587605 0.354478 0.005267 0.004198
2 0.576896 0.353195 0.004213 0.002565
2 0.624298 0.352146 0.003511 0.002332
2 0.580934 0.351562 0.003160 0.002099
2 0.594101 0.350163 0.003511 0.002099
2 0.813904 0.349813 0.003511 0.002332
2 0.589712 0.349580 0.003160 0.002332
2 0.599192 0.350047 0.003862 0.004664
2 0.614993 0.350163 0.007374 0.005364
2 0.645716 0.349114 0.004213 0.003731
2 0.574263 0.348997 0.008778 0.003965
2 0.610428 0.346082 0.003862 0.002332
2 0.587079 0.345732 0.005618 0.003032
2 0.662746 0.341535 0.004565 0.004431
2 0.666257 0.339319 0.001756 0.001399
2 0.677844 0.338736 0.003160 0.002565
2 0.625702 0.338969 0.004213 0.003032
2 0.616397 0.331040 0.005969 0.005830
2 0.585499 0.320896 0.003160 0.003265
2 0.788272 0.232626 0.005618 0.002565
2 0.797577 0.229711 0.008778 0.004198
2 1.111131 0.080340 0.008076 0.003965
