1 0.338483 0.605644 0.008427 0.006996
1 1.059340 0.550140 0.006320 0.004664
1 0.358848 0.463853 0.008427 0.005597
1 1.206987 0.456507 0.002458 0.002099
1 1.223490 0.451959 0.003862 0.002799
1 1.206461 0.447062 0.007022 0.005131
1 0.603933 0.360424 0.006320 0.004897
1 0.627107 0.357743 0.005618 0.003731
1 0.618680 0.347015 0.005618 0.004198
1 0.549157 0.328242 0.005618 0.003498
1 1.124649 0.294776 0.011938 0.007463
1 0.743153 0.202775 0.006671 0.004431
1 0.268785 0.191231 0.004565 0.002799
1 0.479810 0.039995 0.008076 0.003965
