1 1.045471 0.636894 0.010183 0.006996
1 1.076018 0.579991 0.009480 0.007463
1 0.743329 0.572178 0.004916 0.003498
1 0.608673 0.569963 0.012289 0.007463
1 0.793890 0.560518 0.007022 0.004897
1 0.920997 0.557719 0.005618 0.003965
1 1.091819 0.551073 0.008076 0.005131
1 0.923631 0.549324 0.008076 0.005830
1 1.185920 0.545126 0.006671 0.005830
1 1.095681 0.492188 0.009480 0.006297
1 1.037044 0.487990 0.004565 0.003032
1 1.143083 0.487873 0.005267 0.003731
1 0.786341 0.412780 0.005267 0.004198
1 1.017556 0.408582 0.006320 0.004198
1 1.036868 0.406483 0.007022 0.004664
1 0.889923 0.403218 0.005267 0.003731
1 1.036341 0.396805 0.008076 0.005830
1 0.175211 0.389692 0.010534 0.005131
1 1.039150 0.384095 0.007374 0.004664
1 0.170295 0.374184 0.004916 0.003498
1 0.111657 0.373951 0.006320 0.004897
1 0.840765 0.365438 0.005267 0.004198
1 0.716643 0.361007 0.006320 0.004198
1 0.852353 0.353195 0.007374 0.004897
1 0.942416 0.347365 0.004916 0.003498
1 0.969277 0.341651 0.007374 0.005597
1 0.111306 0.340019 0.008427 0.006530
1 1.048806 0.327542 0.004916 0.003032
1 0.883603 0.321129 0.009480 0.006996
1 1.091117 0.314132 0.007374 0.005131
1 0.787219 0.311101 0.003511 0.002332
1 0.876404 0.305387 0.004213 0.002565
1 1.056531 0.305154 0.005618 0.003498
1 0.866222 0.304921 0.004916 0.003498
1 1.256145 0.298391 0.007374 0.004431
1 0.631847 0.286264 0.008076 0.004897
1 1.003511 0.285564 0.005618 0.003965
1 1.215941 0.276119 0.009831 0.006063
1 1.211728 0.269473 0.007022 0.004897
1 1.117100 0.256763 0.012289 0.007463
1 1.053722 0.246618 0.006320 0.004431
1 1.040379 0.246852 0.007725 0.006297
1 0.535112 0.238223 0.004213 0.002565
1 0.885709 0.228312 0.008778 0.005131
1 1.124122 0.227379 0.008778 0.006063
1 1.001229 0.226562 0.008778 0.005364
1 1.088132 0.222365 0.008427 0.005364
1 0.983322 0.211754 0.010183 0.006530
1 0.512289 0.204524 0.005618 0.004198
1 0.967697 0.205340 0.009129 0.007229
1 1.048455 0.196245 0.005618 0.003498
1 1.032479 0.162547 0.008778 0.006063
1 1.047051 0.157649 0.007725 0.005597
1 0.616749 0.153918 0.012289 0.006996
1 1.150105 0.139226 0.008076 0.005597
1 1.133603 0.132113 0.003160 0.002565
1 1.126580 0.128148 0.004565 0.002565
1 1.157128 0.123018 0.005969 0.003965
1 0.668364 0.124184 0.008778 0.006297
1 0.861657 0.104711 0.004916 0.003731
1 0.986657 0.088270 0.007022 0.004897
1 1.099719 0.078475 0.009129 0.005364
1 1.089361 0.076726 0.007374 0.005131
1 0.696805 0.051423 0.007374 0.004897
1 0.700316 0.038363 0.004565 0.003032
1 0.888518 0.030201 0.005267 0.003498
