1 0.534937 0.649137 0.004565 0.003498
1 0.544593 0.649021 0.008427 0.006530
1 0.924333 0.647038 0.008778 0.006297
1 0.826545 0.642491 0.004213 0.002799
1 0.934691 0.635028 0.006320 0.004198
1 0.959094 0.624067 0.009480 0.003731
1 0.412746 0.618470 0.006671 0.003731
1 0.360955 0.599813 0.004213 0.002799
1 0.368153 0.597481 0.003862 0.002332
1 0.641854 0.593633 0.004213 0.003032
1 0.399052 0.592001 0.008076 0.004897
1 0.327247 0.567864 0.007725 0.005597
1 0.360604 0.559235 0.006320 0.003731
1 0.323385 0.553055 0.003511 0.002565
1 0.730162 0.548158 0.005969 0.003032
1 0.232093 0.545009 0.009831 0.006063
1 0.649754 0.539762 0.006671 0.003965
1 0.659410 0.538013 0.004916 0.003265
1 1.082865 0.522971 0.006320 0.004431
1 0.979108 0.512943 0.004565 0.003498
1 0.762816 0.507929 0.009480 0.006063
1 0.835499 0.499417 0.004565 0.003498
1 0.171348 0.491021 0.007022 0.004431
1 0.835147 0.488106 0.003862 0.002799
1 0.179424 0.481693 0.007022 0.004897
1 0.850597 0.473181 0.008076 0.006063
1 0.210147 0.453591 0.008076 0.006530
1 0.200316 0.451143 0.005267 0.003498
1 0.169242 0.423624 0.005618 0.003498
1 0.621840 0.416861 0.006320 0.003498
1 0.365520 0.416744 0.007725 0.007463
1 1.085323 0.411264 0.006320 0.003965
1 0.261236 0.408932 0.004213 0.003032
1 0.488413 0.396455 0.010534 0.006996
1 0.883076 0.384212 0.012640 0.007229
1 0.335499 0.379897 0.003160 0.002332
1 0.402739 0.363340 0.004213 0.002799
1 0.333041 0.363106 0.005267 0.003265
1 0.327247 0.355527 0.003511 0.003032
1 0.292486 0.353778 0.003511 0.002799
1 0.657128 0.347365 0.005969 0.004431
1 0.324438 0.344683 0.003511 0.002332
1 0.225948 0.340368 0.006671 0.005830
1 0.671524 0.337803 0.005969 0.004431
1 0.340063 0.326726 0.003862 0.002799
1 0.430302 0.327192 0.007374 0.005597
1 0.173455 0.325793 0.006320 0.004198
1 0.209972 0.321828 0.005618 0.004664
1 0.298631 0.314249 0.005267 0.003032
1 0.855513 0.302822 0.010885 0.006297
1 0.772472 0.286964 0.004916 0.003498
1 0.756320 0.285098 0.004916 0.003032
1 0.279319 0.274953 0.005969 0.004198
1 0.549684 0.263293 0.005267 0.003265
1 0.163448 0.257463 0.006671 0.004198
1 0.659937 0.256646 0.006671 0.004897
1 0.388518 0.249300 0.006671 0.005131
1 0.552317 0.246968 0.003511 0.003731
1 0.300386 0.212220 0.008076 0.005131
1 1.152739 0.209655 0.007022 0.004664
1 0.344979 0.193913 0.008076 0.005364
1 0.226826 0.189832 0.009831 0.006530
1 0.882549 0.178521 0.004565 0.003498
1 0.307233 0.151469 0.003511 0.002565
1 0.417135 0.133279 0.007022 0.004431
1 0.252282 0.120802 0.005969 0.004198
1 0.366222 0.118237 0.005618 0.003265
1 1.186447 0.111007 0.007022 0.004664
1 1.101826 0.104944 0.004213 0.002332
1 0.337254 0.099580 0.001756 0.001399
1 0.785463 0.093400 0.010534 0.006763
1 0.401159 0.082206 0.010183 0.007229
1 1.048806 0.080457 0.007725 0.006063
1 0.498244 0.058186 0.008427 0.004431
1 1.000351 0.057719 0.007725 0.004431
1 0.361833 0.056670 0.006671 0.004664
1 0.284235 0.049790 0.010885 0.006763
1 1.048982 0.042561 0.008076 0.005364
1 0.586903 0.039879 0.005969 0.003731
1 0.737008 0.002799 0.008427 0.005597
