1 0.668539 0.534981 0.007022 0.004664
1 1.100597 0.510611 0.007374 0.005830
1 0.872015 0.508279 0.005267 0.003498
1 1.026510 0.432486 0.003862 0.002565
1 0.894838 0.425023 0.004565 0.002565
1 0.840941 0.423857 0.006320 0.003965
1 0.765801 0.417327 0.004213 0.002565
1 0.579881 0.417211 0.005969 0.003265
1 1.169768 0.413013 0.008076 0.006063
1 0.641503 0.408582 0.006320 0.004198
1 0.980513 0.405667 0.002458 0.002099
1 1.196629 0.392957 0.004916 0.002799
1 1.094628 0.391091 0.004565 0.003265
1 0.412044 0.375117 0.009480 0.006297
1 1.095681 0.357043 0.005267 0.003265
1 0.844277 0.355410 0.004565 0.002799
1 0.881496 0.355061 0.005969 0.003965
1 1.062676 0.349464 0.003160 0.002565
1 1.074438 0.348064 0.003511 0.002565
1 0.920295 0.342467 0.006320 0.004897
1 1.046699 0.338270 0.003511 0.002565
1 0.969628 0.336521 0.007374 0.004664
1 1.040906 0.325676 0.003862 0.002565
1 0.873244 0.310984 0.006320 0.004431
1 0.842170 0.307603 0.004565 0.003265
1 1.127107 0.272621 0.005618 0.003731
1 0.999824 0.250583 0.006671 0.004431
1 0.812149 0.247318 0.008427 0.005364
1 1.004389 0.243703 0.007374 0.004664
1 0.970506 0.238106 0.003511 0.002332
1 0.773174 0.235308 0.005618 0.003731
1 1.014572 0.233092 0.008778 0.004897
1 0.972437 0.229478 0.004565 0.002332
1 0.749298 0.205340 0.004916 0.003498
1 0.915730 0.189599 0.004916 0.003265
1 0.581461 0.188666 0.009831 0.006063
1 0.808287 0.183419 0.004916 0.003498
1 0.876404 0.173391 0.005618 0.003498
1 0.451545 0.172691 0.006320 0.003965
1 0.788975 0.153568 0.005618 0.003032
1 0.853406 0.140392 0.005969 0.003731
