1 1.178020 0.628148 0.004916 0.003498
1 0.762816 0.612873 0.005969 0.004198
1 0.705407 0.572178 0.004916 0.002099
1 1.219628 0.559701 0.003862 0.002799
1 1.078301 0.553288 0.007725 0.004431
1 1.216643 0.543610 0.004916 0.003265
1 0.798982 0.538596 0.005267 0.003032
1 0.276685 0.518074 0.010534 0.007229
1 1.069522 0.497551 0.005618 0.003498
1 1.098666 0.408349 0.007022 0.004198
1 0.885358 0.322062 0.006671 0.003731
1 0.968926 0.310868 0.005969 0.005597
1 1.074087 0.116954 0.003511 0.002099
1 1.064607 0.117771 0.005618 0.004198
1 1.058287 0.114506 0.005618 0.003265
1 1.103230 0.113456 0.004213 0.003032
1 0.982444 0.033932 0.005618 0.003498
