1 0.360077 0.640392 0.003862 0.002799
1 0.371664 0.601796 0.007374 0.004897
1 0.484199 0.536147 0.002809 0.002332
1 0.576194 0.527519 0.008427 0.005597
1 0.519312 0.524021 0.004213 0.002799
1 0.496313 0.519007 0.011587 0.008162
1 0.951369 0.465602 0.008076 0.004431
1 0.735955 0.464436 0.004916 0.003498
1 0.895541 0.458139 0.003862 0.003032
1 0.777388 0.441115 0.002809 0.002099
1 0.763869 0.418027 0.004565 0.003498
1 0.468223 0.391441 0.005267 0.003965
1 0.532654 0.386660 0.005618 0.004198
1 0.511412 0.386311 0.010183 0.006763
1 0.507374 0.383162 0.004213 0.002332
1 0.617626 0.381880 0.005618 0.003498
1 0.520716 0.380597 0.004213 0.002799
1 0.416433 0.303172 0.004916 0.003265
1 0.501580 0.287663 0.005267 0.003498
1 0.764221 0.283699 0.007374 0.005364
1 0.506145 0.281367 0.008076 0.004897
1 0.562851 0.270522 0.005618 0.003731
1 0.566713 0.259328 0.004916 0.003731
1 0.557584 0.257229 0.004916 0.003265
1 0.598666 0.254548 0.006320 0.003965
1 0.560744 0.250233 0.004916 0.003265
1 1.105688 0.241488 0.009129 0.005830
1 0.436973 0.223181 0.003862 0.002799
1 0.403265 0.219683 0.003862 0.002799
1 0.996664 0.180504 0.007374 0.004664
1 0.645541 0.171525 0.008076 0.005364
1 0.980864 0.136660 0.004565 0.002799
1 0.916784 0.100047 0.005618 0.005131
1 0.836728 0.079408 0.011938 0.008162
